0.090571
0.380784
0.084317
0.121325
0.242183
0.279620
0.120890
0.244417
0.260837
0.150125
0.170027
0.213512
0.303966
0.276984
0.214172
0.296552
0.140245
0.156906
0.137214
0.318081
0.363138
0.198561
0.204208
0.351832
0.338817
0.258103
0.318248
0.153024
0.233688
0.217736
0.283277
0.334908
0.202184
0.326862
0.257275
0.219318
0.219491
0.313156
0.180807
0.114044
0.461462
0.145308
0.338544
0.180962
0.205616
0.230418
0.644894
0.204695
0.232191
0.279951
0.123621
0.176360
0.175038
0.098339
0.204541
0.140323
0.117530
0.275559
0.122714
0.174071
0.116676
0.247737
0.210697
0.176050
0.383779
0.502699
0.330740
0.268407
0.099289
0.189851
0.332507
0.348909
0.456251
0.143402
0.269954
0.063612
0.454095
0.283222
0.303103
0.238397
0.263292
0.115502
0.133247
0.332356
0.120098
0.412630
0.098731
0.178488
0.423554
0.142734
0.160309
0.271844
0.295224
0.203960
0.188223
0.215585
0.124947
0.209256
0.310696
0.172830
0.332797
0.199133
0.317433
0.313140
0.330175
0.346109
0.152516
0.206839
0.317651
0.306563
0.200446
0.168901
0.106567
0.377805
0.300173
0.118126
0.198397
0.157217
0.173568
0.231154
0.364189
0.272020
0.413273
0.095621
0.160318
0.023898
0.218202
0.141576
0.355855
0.285573
0.131416
0.149113
0.200497
0.349874
0.135318
0.180375
0.352118
0.344810
0.110613
0.170607
0.193765
0.237631
0.168227
0.197890
0.142695
0.275418
0.141634
